1 1073741824 2147483647
	1 536870912 1073741824
1 536870912 1073741824
	1 268435456 536870912
1 268435456 536870912
	1 134217728 268435456
1 134217728 268435456
	1 67108864 134217728
1 67108864 134217728
	1 33554432 67108864
1 33554432 67108864
	1 16777216 33554432
1 16777216 33554432
	1 8388608 16777216
1 8388608 16777216
	1 4194304 8388608
1 4194304 8388608
	1 2097152 4194304
1 2097152 4194304
	1 1048576 2097152
1 1048576 2097152
	1 524288 1048576
1 524288 1048576
	1 262144 524288
1 262144 524288
	1 131072 262144
1 131072 262144
	1 65536 131072
1 65536 131072
	1 32768 65536
1 32768 65536
	1 16384 32768
1 16384 32768
	1 8192 16384
1 8192 16384
	1 4096 8192
1 4096 8192
	1 2048 4096
1 2048 4096
	1 1024 2048
1 1024 2048
	1 512 1024
1 512 1024
	1 256 512
1 256 512
	1 128 256
1 128 256
	1 64 128
1 64 128
	1 32 64
1 32 64
	1 16 32
1 16 32
	1 8 16
1 8 16
	8 12 16
8 12 16
	8 10 12
8 10 12
	10 11 12
10 11 12
	10 10 11
1 1073741824 2147483647
	1 536870912 1073741824
1 536870912 1073741824
	1 268435456 536870912
1 268435456 536870912
	1 134217728 268435456
1 134217728 268435456
	1 67108864 134217728
1 67108864 134217728
	1 33554432 67108864
1 33554432 67108864
	1 16777216 33554432
1 16777216 33554432
	1 8388608 16777216
1 8388608 16777216
	1 4194304 8388608
1 4194304 8388608
	1 2097152 4194304
1 2097152 4194304
	1 1048576 2097152
1 1048576 2097152
	1 524288 1048576
1 524288 1048576
	1 262144 524288
1 262144 524288
	1 131072 262144
1 131072 262144
	1 65536 131072
1 65536 131072
	1 32768 65536
1 32768 65536
	1 16384 32768
1 16384 32768
	1 8192 16384
1 8192 16384
	1 4096 8192
1 4096 8192
	1 2048 4096
1 2048 4096
	1 1024 2048
1 1024 2048
	1 512 1024
1 512 1024
	1 256 512
1 256 512
	1 128 256
1 128 256
	1 64 128
1 64 128
	1 32 64
1 32 64
	1 16 32
1 16 32
	1 8 16
1 8 16
	8 12 16
8 12 16
	8 10 12
8 10 12
	10 11 12
10 11 12
	10 10 11
1 1073741824 2147483647
	1 536870912 1073741824
1 536870912 1073741824
	1 268435456 536870912
1 268435456 536870912
	1 134217728 268435456
1 134217728 268435456
	1 67108864 134217728
1 67108864 134217728
	1 33554432 67108864
1 33554432 67108864
	1 16777216 33554432
1 16777216 33554432
	1 8388608 16777216
1 8388608 16777216
	1 4194304 8388608
1 4194304 8388608
	1 2097152 4194304
1 2097152 4194304
	1 1048576 2097152
1 1048576 2097152
	1 524288 1048576
1 524288 1048576
	1 262144 524288
1 262144 524288
	1 131072 262144
1 131072 262144
	1 65536 131072
1 65536 131072
	1 32768 65536
1 32768 65536
	1 16384 32768
1 16384 32768
	1 8192 16384
1 8192 16384
	1 4096 8192
1 4096 8192
	1 2048 4096
1 2048 4096
	1 1024 2048
1 1024 2048
	1 512 1024
1 512 1024
	1 256 512
1 256 512
	1 128 256
1 128 256
	1 64 128
1 64 128
	1 32 64
1 32 64
	1 16 32
1 16 32
	1 8 16
1 8 16
	8 12 16
8 12 16
	8 10 12
8 10 12
	10 11 12
10 11 12
	11 11 12
1 1073741824 2147483647
	1 536870912 1073741824
1 536870912 1073741824
	1 268435456 536870912
1 268435456 536870912
	1 134217728 268435456
1 134217728 268435456
	1 67108864 134217728
1 67108864 134217728
	1 33554432 67108864
1 33554432 67108864
	1 16777216 33554432
1 16777216 33554432
	1 8388608 16777216
1 8388608 16777216
	1 4194304 8388608
1 4194304 8388608
	1 2097152 4194304
1 2097152 4194304
	1 1048576 2097152
1 1048576 2097152
	1 524288 1048576
1 524288 1048576
	1 262144 524288
1 262144 524288
	1 131072 262144
1 131072 262144
	1 65536 131072
1 65536 131072
	1 32768 65536
1 32768 65536
	1 16384 32768
1 16384 32768
	1 8192 16384
1 8192 16384
	1 4096 8192
1 4096 8192
	1 2048 4096
1 2048 4096
	1 1024 2048
1 1024 2048
	1 512 1024
1 512 1024
	1 256 512
1 256 512
	1 128 256
1 128 256
	1 64 128
1 64 128
	1 32 64
1 32 64
	1 16 32
1 16 32
	1 8 16
1 8 16
	1 4 8
1 4 8
	4 6 8
4 6 8
	4 5 6
4 5 6
	5 5 6
1 1073741824 2147483647
	1 536870912 1073741824
1 536870912 1073741824
	1 268435456 536870912
1 268435456 536870912
	1 134217728 268435456
1 134217728 268435456
	1 67108864 134217728
1 67108864 134217728
	1 33554432 67108864
1 33554432 67108864
	1 16777216 33554432
1 16777216 33554432
	1 8388608 16777216
1 8388608 16777216
	1 4194304 8388608
1 4194304 8388608
	1 2097152 4194304
1 2097152 4194304
	1 1048576 2097152
1 1048576 2097152
	1 524288 1048576
1 524288 1048576
	1 262144 524288
1 262144 524288
	1 131072 262144
1 131072 262144
	1 65536 131072
1 65536 131072
	1 32768 65536
1 32768 65536
	1 16384 32768
1 16384 32768
	1 8192 16384
1 8192 16384
	1 4096 8192
1 4096 8192
	1 2048 4096
1 2048 4096
	1 1024 2048
1 1024 2048
	1 512 1024
1 512 1024
	1 256 512
1 256 512
	1 128 256
1 128 256
	1 64 128
1 64 128
	1 32 64
1 32 64
	32 48 64
32 48 64
	32 40 48
32 40 48
	32 36 40
32 36 40
	32 34 36
32 34 36
	32 33 34
32 33 34
	32 32 33
1 1073741824 2147483647
	1 536870912 1073741824
1 536870912 1073741824
	1 268435456 536870912
1 268435456 536870912
	1 134217728 268435456
1 134217728 268435456
	1 67108864 134217728
1 67108864 134217728
	1 33554432 67108864
1 33554432 67108864
	1 16777216 33554432
1 16777216 33554432
	1 8388608 16777216
1 8388608 16777216
	1 4194304 8388608
1 4194304 8388608
	1 2097152 4194304
1 2097152 4194304
	1 1048576 2097152
1 1048576 2097152
	1 524288 1048576
1 524288 1048576
	1 262144 524288
1 262144 524288
	1 131072 262144
1 131072 262144
	1 65536 131072
1 65536 131072
	1 32768 65536
1 32768 65536
	1 16384 32768
1 16384 32768
	1 8192 16384
1 8192 16384
	1 4096 8192
1 4096 8192
	1 2048 4096
1 2048 4096
	1 1024 2048
1 1024 2048
	1 512 1024
1 512 1024
	512 768 1024
512 768 1024
	512 640 768
512 640 768
	640 704 768
640 704 768
	640 672 704
640 672 704
	640 656 672
640 656 672
	656 664 672
656 664 672
	656 660 664
656 660 664
	660 662 664
660 662 664
	660 661 662
660 661 662
	660 660 661
1 1073741824 2147483647
	1 536870912 1073741824
1 536870912 1073741824
	1 268435456 536870912
1 268435456 536870912
	1 134217728 268435456
1 134217728 268435456
	1 67108864 134217728
1 67108864 134217728
	1 33554432 67108864
1 33554432 67108864
	1 16777216 33554432
1 16777216 33554432
	1 8388608 16777216
1 8388608 16777216
	1 4194304 8388608
1 4194304 8388608
	1 2097152 4194304
1 2097152 4194304
	1 1048576 2097152
1 1048576 2097152
	1 524288 1048576
1 524288 1048576
	1 262144 524288
1 262144 524288
	1 131072 262144
1 131072 262144
	1 65536 131072
1 65536 131072
	1 32768 65536
1 32768 65536
	1 16384 32768
1 16384 32768
	1 8192 16384
1 8192 16384
	1 4096 8192
1 4096 8192
	1 2048 4096
1 2048 4096
	2048 3072 4096
2048 3072 4096
	2048 2560 3072
2048 2560 3072
	2048 2304 2560
2048 2304 2560
	2048 2176 2304
2048 2176 2304
	2176 2240 2304
2176 2240 2304
	2176 2208 2240
2176 2208 2240
	2176 2192 2208
2176 2192 2208
	2192 2200 2208
2192 2200 2208
	2192 2196 2200
2192 2196 2200
	2196 2198 2200
2196 2198 2200
	2196 2197 2198
2196 2197 2198
	2197 2197 2198
1 1073741824 2147483647
	1 536870912 1073741824
1 536870912 1073741824
	1 268435456 536870912
1 268435456 536870912
	1 134217728 268435456
1 134217728 268435456
	1 67108864 134217728
1 67108864 134217728
	1 33554432 67108864
1 33554432 67108864
	1 16777216 33554432
1 16777216 33554432
	1 8388608 16777216
1 8388608 16777216
	1 4194304 8388608
1 4194304 8388608
	1 2097152 4194304
1 2097152 4194304
	1 1048576 2097152
1 1048576 2097152
	1 524288 1048576
1 524288 1048576
	1 262144 524288
1 262144 524288
	1 131072 262144
1 131072 262144
	1 65536 131072
1 65536 131072
	1 32768 65536
1 32768 65536
	1 16384 32768
1 16384 32768
	1 8192 16384
1 8192 16384
	1 4096 8192
1 4096 8192
	1 2048 4096
1 2048 4096
	1 1024 2048
1 1024 2048
	1024 1536 2048
1024 1536 2048
	1024 1280 1536
1024 1280 1536
	1024 1152 1280
1024 1152 1280
	1152 1216 1280
1152 1216 1280
	1152 1184 1216
1152 1184 1216
	1184 1200 1216
1184 1200 1216
	1184 1192 1200
1184 1192 1200
	1192 1196 1200
1192 1196 1200
	1192 1194 1196
1192 1194 1196
	1192 1193 1194
1192 1193 1194
	1192 1192 1193
1 1073741824 2147483647
	1 536870912 1073741824
1 536870912 1073741824
	1 268435456 536870912
1 268435456 536870912
	1 134217728 268435456
1 134217728 268435456
	1 67108864 134217728
1 67108864 134217728
	1 33554432 67108864
1 33554432 67108864
	1 16777216 33554432
1 16777216 33554432
	1 8388608 16777216
1 8388608 16777216
	1 4194304 8388608
1 4194304 8388608
	1 2097152 4194304
1 2097152 4194304
	1 1048576 2097152
1 1048576 2097152
	1 524288 1048576
1 524288 1048576
	1 262144 524288
1 262144 524288
	1 131072 262144
1 131072 262144
	1 65536 131072
1 65536 131072
	1 32768 65536
1 32768 65536
	1 16384 32768
1 16384 32768
	1 8192 16384
1 8192 16384
	1 4096 8192
1 4096 8192
	1 2048 4096
1 2048 4096
	1 1024 2048
1 1024 2048
	1024 1536 2048
1024 1536 2048
	1024 1280 1536
1024 1280 1536
	1280 1408 1536
1280 1408 1536
	1280 1344 1408
1280 1344 1408
	1280 1312 1344
1280 1312 1344
	1312 1328 1344
1312 1328 1344
	1312 1320 1328
1312 1320 1328
	1320 1324 1328
1320 1324 1328
	1320 1322 1324
1320 1322 1324
	1322 1323 1324
1322 1323 1324
	1322 1322 1323
1 1073741824 2147483647
	1 536870912 1073741824
1 536870912 1073741824
	1 268435456 536870912
1 268435456 536870912
	1 134217728 268435456
1 134217728 268435456
	1 67108864 134217728
1 67108864 134217728
	1 33554432 67108864
1 33554432 67108864
	1 16777216 33554432
1 16777216 33554432
	1 8388608 16777216
1 8388608 16777216
	1 4194304 8388608
1 4194304 8388608
	1 2097152 4194304
1 2097152 4194304
	1 1048576 2097152
1 1048576 2097152
	1 524288 1048576
1 524288 1048576
	1 262144 524288
1 262144 524288
	1 131072 262144
1 131072 262144
	1 65536 131072
1 65536 131072
	1 32768 65536
1 32768 65536
	1 16384 32768
1 16384 32768
	1 8192 16384
1 8192 16384
	1 4096 8192
1 4096 8192
	1 2048 4096
1 2048 4096
	1 1024 2048
1 1024 2048
	1 512 1024
1 512 1024
	1 256 512
1 256 512
	256 384 512
256 384 512
	256 320 384
256 320 384
	320 352 384
320 352 384
	352 368 384
352 368 384
	352 360 368
352 360 368
	352 356 360
352 356 360
	356 358 360
356 358 360
	358 359 360
358 359 360
	359 359 360
1 1073741824 2147483647
	1 536870912 1073741824
1 536870912 1073741824
	1 268435456 536870912
1 268435456 536870912
	1 134217728 268435456
1 134217728 268435456
	1 67108864 134217728
1 67108864 134217728
	1 33554432 67108864
1 33554432 67108864
	1 16777216 33554432
1 16777216 33554432
	1 8388608 16777216
1 8388608 16777216
	1 4194304 8388608
1 4194304 8388608
	1 2097152 4194304
1 2097152 4194304
	1 1048576 2097152
1 1048576 2097152
	1 524288 1048576
1 524288 1048576
	1 262144 524288
1 262144 524288
	1 131072 262144
1 131072 262144
	1 65536 131072
1 65536 131072
	1 32768 65536
1 32768 65536
	1 16384 32768
1 16384 32768
	1 8192 16384
1 8192 16384
	1 4096 8192
1 4096 8192
	1 2048 4096
1 2048 4096
	1 1024 2048
1 1024 2048
	1 512 1024
1 512 1024
	1 256 512
1 256 512
	1 128 256
1 128 256
	128 192 256
128 192 256
	128 160 192
128 160 192
	128 144 160
128 144 160
	128 136 144
128 136 144
	128 132 136
128 132 136
	128 130 132
128 130 132
	130 131 132
130 131 132
	130 130 131
1 1073741824 2147483647
	1 536870912 1073741824
1 536870912 1073741824
	1 268435456 536870912
1 268435456 536870912
	1 134217728 268435456
1 134217728 268435456
	1 67108864 134217728
1 67108864 134217728
	1 33554432 67108864
1 33554432 67108864
	1 16777216 33554432
1 16777216 33554432
	1 8388608 16777216
1 8388608 16777216
	1 4194304 8388608
1 4194304 8388608
	1 2097152 4194304
1 2097152 4194304
	1 1048576 2097152
1 1048576 2097152
	1 524288 1048576
1 524288 1048576
	1 262144 524288
1 262144 524288
	1 131072 262144
1 131072 262144
	1 65536 131072
1 65536 131072
	1 32768 65536
1 32768 65536
	1 16384 32768
1 16384 32768
	1 8192 16384
1 8192 16384
	1 4096 8192
1 4096 8192
	1 2048 4096
1 2048 4096
	1 1024 2048
1 1024 2048
	1 512 1024
1 512 1024
	1 256 512
1 256 512
	1 128 256
1 128 256
	128 192 256
128 192 256
	128 160 192
128 160 192
	128 144 160
128 144 160
	128 136 144
128 136 144
	136 140 144
136 140 144
	140 142 144
140 142 144
	142 143 144
142 143 144
	142 142 143
1 1073741824 2147483647
	1 536870912 1073741824
1 536870912 1073741824
	1 268435456 536870912
1 268435456 536870912
	1 134217728 268435456
1 134217728 268435456
	1 67108864 134217728
1 67108864 134217728
	1 33554432 67108864
1 33554432 67108864
	1 16777216 33554432
1 16777216 33554432
	1 8388608 16777216
1 8388608 16777216
	1 4194304 8388608
1 4194304 8388608
	1 2097152 4194304
1 2097152 4194304
	1 1048576 2097152
1 1048576 2097152
	1 524288 1048576
1 524288 1048576
	1 262144 524288
1 262144 524288
	1 131072 262144
1 131072 262144
	1 65536 131072
1 65536 131072
	1 32768 65536
1 32768 65536
	1 16384 32768
1 16384 32768
	1 8192 16384
1 8192 16384
	1 4096 8192
1 4096 8192
	1 2048 4096
1 2048 4096
	1 1024 2048
1 1024 2048
	1 512 1024
1 512 1024
	1 256 512
1 256 512
	1 128 256
1 128 256
	1 64 128
1 64 128
	1 32 64
1 32 64
	32 48 64
32 48 64
	48 56 64
48 56 64
	48 52 56
48 52 56
	52 54 56
52 54 56
	52 53 54
52 53 54
	53 53 54
1 1073741824 2147483647
	1 536870912 1073741824
1 536870912 1073741824
	1 268435456 536870912
1 268435456 536870912
	1 134217728 268435456
1 134217728 268435456
	1 67108864 134217728
1 67108864 134217728
	1 33554432 67108864
1 33554432 67108864
	1 16777216 33554432
1 16777216 33554432
	1 8388608 16777216
1 8388608 16777216
	1 4194304 8388608
1 4194304 8388608
	1 2097152 4194304
1 2097152 4194304
	1 1048576 2097152
1 1048576 2097152
	1 524288 1048576
1 524288 1048576
	1 262144 524288
1 262144 524288
	1 131072 262144
1 131072 262144
	1 65536 131072
1 65536 131072
	1 32768 65536
1 32768 65536
	1 16384 32768
1 16384 32768
	1 8192 16384
1 8192 16384
	1 4096 8192
1 4096 8192
	1 2048 4096
1 2048 4096
	1 1024 2048
1 1024 2048
	1 512 1024
1 512 1024
	1 256 512
1 256 512
	1 128 256
1 128 256
	1 64 128
1 64 128
	64 96 128
64 96 128
	96 112 128
96 112 128
	96 104 112
96 104 112
	96 100 104
96 100 104
	96 98 100
96 98 100
	98 99 100
98 99 100
	98 98 99
1 1073741824 2147483647
	1 536870912 1073741824
1 536870912 1073741824
	1 268435456 536870912
1 268435456 536870912
	1 134217728 268435456
1 134217728 268435456
	1 67108864 134217728
1 67108864 134217728
	1 33554432 67108864
1 33554432 67108864
	1 16777216 33554432
1 16777216 33554432
	1 8388608 16777216
1 8388608 16777216
	1 4194304 8388608
1 4194304 8388608
	1 2097152 4194304
1 2097152 4194304
	1 1048576 2097152
1 1048576 2097152
	1 524288 1048576
1 524288 1048576
	1 262144 524288
1 262144 524288
	1 131072 262144
1 131072 262144
	1 65536 131072
1 65536 131072
	1 32768 65536
1 32768 65536
	1 16384 32768
1 16384 32768
	1 8192 16384
1 8192 16384
	1 4096 8192
1 4096 8192
	1 2048 4096
1 2048 4096
	1 1024 2048
1 1024 2048
	1 512 1024
1 512 1024
	1 256 512
1 256 512
	1 128 256
1 128 256
	1 64 128
1 64 128
	64 96 128
64 96 128
	64 80 96
64 80 96
	80 88 96
80 88 96
	80 84 88
80 84 88
	80 82 84
80 82 84
	80 81 82
80 81 82
	81 81 82
1 1073741824 2147483647
	1 536870912 1073741824
1 536870912 1073741824
	1 268435456 536870912
1 268435456 536870912
	1 134217728 268435456
1 134217728 268435456
	1 67108864 134217728
1 67108864 134217728
	1 33554432 67108864
1 33554432 67108864
	1 16777216 33554432
1 16777216 33554432
	1 8388608 16777216
1 8388608 16777216
	1 4194304 8388608
1 4194304 8388608
	1 2097152 4194304
1 2097152 4194304
	1 1048576 2097152
1 1048576 2097152
	1 524288 1048576
1 524288 1048576
	1 262144 524288
1 262144 524288
	1 131072 262144
1 131072 262144
	1 65536 131072
1 65536 131072
	1 32768 65536
1 32768 65536
	1 16384 32768
1 16384 32768
	1 8192 16384
1 8192 16384
	1 4096 8192
1 4096 8192
	1 2048 4096
1 2048 4096
	1 1024 2048
1 1024 2048
	1 512 1024
1 512 1024
	512 768 1024
512 768 1024
	768 896 1024
768 896 1024
	896 960 1024
896 960 1024
	896 928 960
896 928 960
	928 944 960
928 944 960
	928 936 944
928 936 944
	936 940 944
936 940 944
	940 942 944
940 942 944
	940 941 942
940 941 942
	940 940 941
1 1073741824 2147483647
	1 536870912 1073741824
1 536870912 1073741824
	1 268435456 536870912
1 268435456 536870912
	1 134217728 268435456
1 134217728 268435456
	1 67108864 134217728
1 67108864 134217728
	1 33554432 67108864
1 33554432 67108864
	1 16777216 33554432
1 16777216 33554432
	1 8388608 16777216
1 8388608 16777216
	1 4194304 8388608
1 4194304 8388608
	1 2097152 4194304
1 2097152 4194304
	1 1048576 2097152
1 1048576 2097152
	1 524288 1048576
1 524288 1048576
	1 262144 524288
1 262144 524288
	1 131072 262144
1 131072 262144
	1 65536 131072
1 65536 131072
	1 32768 65536
1 32768 65536
	1 16384 32768
1 16384 32768
	1 8192 16384
1 8192 16384
	1 4096 8192
1 4096 8192
	1 2048 4096
1 2048 4096
	1 1024 2048
1 1024 2048
	1 512 1024
1 512 1024
	512 768 1024
512 768 1024
	512 640 768
512 640 768
	640 704 768
640 704 768
	640 672 704
640 672 704
	672 688 704
672 688 704
	672 680 688
672 680 688
	672 676 680
672 676 680
	672 674 676
672 674 676
	672 673 674
672 673 674
	672 672 673
1 1073741824 2147483647
	1 536870912 1073741824
1 536870912 1073741824
	1 268435456 536870912
1 268435456 536870912
	1 134217728 268435456
1 134217728 268435456
	1 67108864 134217728
1 67108864 134217728
	1 33554432 67108864
1 33554432 67108864
	1 16777216 33554432
1 16777216 33554432
	1 8388608 16777216
1 8388608 16777216
	1 4194304 8388608
1 4194304 8388608
	1 2097152 4194304
1 2097152 4194304
	1 1048576 2097152
1 1048576 2097152
	1 524288 1048576
1 524288 1048576
	1 262144 524288
1 262144 524288
	1 131072 262144
1 131072 262144
	1 65536 131072
1 65536 131072
	1 32768 65536
1 32768 65536
	1 16384 32768
1 16384 32768
	1 8192 16384
1 8192 16384
	1 4096 8192
1 4096 8192
	1 2048 4096
1 2048 4096
	1 1024 2048
1 1024 2048
	1024 1536 2048
1024 1536 2048
	1536 1792 2048
1536 1792 2048
	1536 1664 1792
1536 1664 1792
	1664 1728 1792
1664 1728 1792
	1728 1760 1792
1728 1760 1792
	1728 1744 1760
1728 1744 1760
	1744 1752 1760
1744 1752 1760
	1752 1756 1760
1752 1756 1760
	1756 1758 1760
1756 1758 1760
	1756 1757 1758
1756 1757 1758
	1756 1756 1757
1 1073741824 2147483647
	1 536870912 1073741824
1 536870912 1073741824
	1 268435456 536870912
1 268435456 536870912
	1 134217728 268435456
1 134217728 268435456
	1 67108864 134217728
1 67108864 134217728
	1 33554432 67108864
1 33554432 67108864
	1 16777216 33554432
1 16777216 33554432
	1 8388608 16777216
1 8388608 16777216
	1 4194304 8388608
1 4194304 8388608
	1 2097152 4194304
1 2097152 4194304
	1 1048576 2097152
1 1048576 2097152
	1 524288 1048576
1 524288 1048576
	1 262144 524288
1 262144 524288
	1 131072 262144
1 131072 262144
	1 65536 131072
1 65536 131072
	1 32768 65536
1 32768 65536
	1 16384 32768
1 16384 32768
	1 8192 16384
1 8192 16384
	1 4096 8192
1 4096 8192
	1 2048 4096
1 2048 4096
	1 1024 2048
1 1024 2048
	1024 1536 2048
1024 1536 2048
	1536 1792 2048
1536 1792 2048
	1536 1664 1792
1536 1664 1792
	1536 1600 1664
1536 1600 1664
	1600 1632 1664
1600 1632 1664
	1600 1616 1632
1600 1616 1632
	1616 1624 1632
1616 1624 1632
	1616 1620 1624
1616 1620 1624
	1616 1618 1620
1616 1618 1620
	1616 1617 1618
1616 1617 1618
	1616 1616 1617
1 1073741824 2147483647
	1 536870912 1073741824
1 536870912 1073741824
	1 268435456 536870912
1 268435456 536870912
	1 134217728 268435456
1 134217728 268435456
	1 67108864 134217728
1 67108864 134217728
	1 33554432 67108864
1 33554432 67108864
	1 16777216 33554432
1 16777216 33554432
	1 8388608 16777216
1 8388608 16777216
	1 4194304 8388608
1 4194304 8388608
	1 2097152 4194304
1 2097152 4194304
	1 1048576 2097152
1 1048576 2097152
	1 524288 1048576
1 524288 1048576
	1 262144 524288
1 262144 524288
	1 131072 262144
1 131072 262144
	1 65536 131072
1 65536 131072
	1 32768 65536
1 32768 65536
	1 16384 32768
1 16384 32768
	1 8192 16384
1 8192 16384
	1 4096 8192
1 4096 8192
	1 2048 4096
1 2048 4096
	1 1024 2048
1 1024 2048
	1024 1536 2048
1024 1536 2048
	1024 1280 1536
1024 1280 1536
	1024 1152 1280
1024 1152 1280
	1024 1088 1152
1024 1088 1152
	1024 1056 1088
1024 1056 1088
	1024 1040 1056
1024 1040 1056
	1040 1048 1056
1040 1048 1056
	1048 1052 1056
1048 1052 1056
	1048 1050 1052
1048 1050 1052
	1048 1049 1050
1048 1049 1050
	1048 1048 1049
1 1073741824 2147483647
	1 536870912 1073741824
1 536870912 1073741824
	1 268435456 536870912
1 268435456 536870912
	1 134217728 268435456
1 134217728 268435456
	1 67108864 134217728
1 67108864 134217728
	1 33554432 67108864
1 33554432 67108864
	1 16777216 33554432
1 16777216 33554432
	1 8388608 16777216
1 8388608 16777216
	1 4194304 8388608
1 4194304 8388608
	1 2097152 4194304
1 2097152 4194304
	1 1048576 2097152
1 1048576 2097152
	1 524288 1048576
1 524288 1048576
	1 262144 524288
1 262144 524288
	1 131072 262144
1 131072 262144
	1 65536 131072
1 65536 131072
	1 32768 65536
1 32768 65536
	1 16384 32768
1 16384 32768
	1 8192 16384
1 8192 16384
	1 4096 8192
1 4096 8192
	4096 6144 8192
4096 6144 8192
	4096 5120 6144
4096 5120 6144
	5120 5632 6144
5120 5632 6144
	5120 5376 5632
5120 5376 5632
	5376 5504 5632
5376 5504 5632
	5376 5440 5504
5376 5440 5504
	5376 5408 5440
5376 5408 5440
	5408 5424 5440
5408 5424 5440
	5408 5416 5424
5408 5416 5424
	5408 5412 5416
5408 5412 5416
	5408 5410 5412
5408 5410 5412
	5408 5409 5410
5408 5409 5410
	5408 5408 5409
1 1073741824 2147483647
	1 536870912 1073741824
1 536870912 1073741824
	1 268435456 536870912
1 268435456 536870912
	1 134217728 268435456
1 134217728 268435456
	1 67108864 134217728
1 67108864 134217728
	1 33554432 67108864
1 33554432 67108864
	1 16777216 33554432
1 16777216 33554432
	1 8388608 16777216
1 8388608 16777216
	1 4194304 8388608
1 4194304 8388608
	1 2097152 4194304
1 2097152 4194304
	1 1048576 2097152
1 1048576 2097152
	1 524288 1048576
1 524288 1048576
	1 262144 524288
1 262144 524288
	1 131072 262144
1 131072 262144
	1 65536 131072
1 65536 131072
	1 32768 65536
1 32768 65536
	1 16384 32768
1 16384 32768
	1 8192 16384
1 8192 16384
	1 4096 8192
1 4096 8192
	4096 6144 8192
4096 6144 8192
	4096 5120 6144
4096 5120 6144
	5120 5632 6144
5120 5632 6144
	5632 5888 6144
5632 5888 6144
	5632 5760 5888
5632 5760 5888
	5632 5696 5760
5632 5696 5760
	5696 5728 5760
5696 5728 5760
	5728 5744 5760
5728 5744 5760
	5744 5752 5760
5744 5752 5760
	5744 5748 5752
5744 5748 5752
	5744 5746 5748
5744 5746 5748
	5746 5747 5748
5746 5747 5748
	5746 5746 5747
1 1073741824 2147483647
	1 536870912 1073741824
1 536870912 1073741824
	1 268435456 536870912
1 268435456 536870912
	1 134217728 268435456
1 134217728 268435456
	1 67108864 134217728
1 67108864 134217728
	1 33554432 67108864
1 33554432 67108864
	1 16777216 33554432
1 16777216 33554432
	1 8388608 16777216
1 8388608 16777216
	1 4194304 8388608
1 4194304 8388608
	1 2097152 4194304
1 2097152 4194304
	1 1048576 2097152
1 1048576 2097152
	1 524288 1048576
1 524288 1048576
	1 262144 524288
1 262144 524288
	1 131072 262144
1 131072 262144
	1 65536 131072
1 65536 131072
	1 32768 65536
1 32768 65536
	1 16384 32768
1 16384 32768
	1 8192 16384
1 8192 16384
	1 4096 8192
1 4096 8192
	4096 6144 8192
4096 6144 8192
	6144 7168 8192
6144 7168 8192
	6144 6656 7168
6144 6656 7168
	6144 6400 6656
6144 6400 6656
	6400 6528 6656
6400 6528 6656
	6400 6464 6528
6400 6464 6528
	6464 6496 6528
6464 6496 6528
	6496 6512 6528
6496 6512 6528
	6496 6504 6512
6496 6504 6512
	6496 6500 6504
6496 6500 6504
	6500 6502 6504
6500 6502 6504
	6500 6501 6502
6500 6501 6502
	6501 6501 6502
1 1073741824 2147483647
	1 536870912 1073741824
1 536870912 1073741824
	1 268435456 536870912
1 268435456 536870912
	1 134217728 268435456
1 134217728 268435456
	1 67108864 134217728
1 67108864 134217728
	1 33554432 67108864
1 33554432 67108864
	1 16777216 33554432
1 16777216 33554432
	1 8388608 16777216
1 8388608 16777216
	1 4194304 8388608
1 4194304 8388608
	1 2097152 4194304
1 2097152 4194304
	1 1048576 2097152
1 1048576 2097152
	1 524288 1048576
1 524288 1048576
	1 262144 524288
1 262144 524288
	1 131072 262144
1 131072 262144
	1 65536 131072
1 65536 131072
	1 32768 65536
1 32768 65536
	1 16384 32768
1 16384 32768
	1 8192 16384
1 8192 16384
	1 4096 8192
1 4096 8192
	4096 6144 8192
4096 6144 8192
	4096 5120 6144
4096 5120 6144
	5120 5632 6144
5120 5632 6144
	5120 5376 5632
5120 5376 5632
	5120 5248 5376
5120 5248 5376
	5248 5312 5376
5248 5312 5376
	5312 5344 5376
5312 5344 5376
	5344 5360 5376
5344 5360 5376
	5344 5352 5360
5344 5352 5360
	5352 5356 5360
5352 5356 5360
	5356 5358 5360
5356 5358 5360
	5356 5357 5358
5356 5357 5358
	5357 5357 5358
1 1073741824 2147483647
	1 536870912 1073741824
1 536870912 1073741824
	1 268435456 536870912
1 268435456 536870912
	1 134217728 268435456
1 134217728 268435456
	1 67108864 134217728
1 67108864 134217728
	1 33554432 67108864
1 33554432 67108864
	1 16777216 33554432
1 16777216 33554432
	1 8388608 16777216
1 8388608 16777216
	1 4194304 8388608
1 4194304 8388608
	1 2097152 4194304
1 2097152 4194304
	1 1048576 2097152
1 1048576 2097152
	1 524288 1048576
1 524288 1048576
	1 262144 524288
1 262144 524288
	1 131072 262144
1 131072 262144
	1 65536 131072
1 65536 131072
	1 32768 65536
1 32768 65536
	1 16384 32768
1 16384 32768
	1 8192 16384
1 8192 16384
	1 4096 8192
1 4096 8192
	4096 6144 8192
4096 6144 8192
	6144 7168 8192
6144 7168 8192
	6144 6656 7168
6144 6656 7168
	6656 6912 7168
6656 6912 7168
	6912 7040 7168
6912 7040 7168
	6912 6976 7040
6912 6976 7040
	6912 6944 6976
6912 6944 6976
	6944 6960 6976
6944 6960 6976
	6960 6968 6976
6960 6968 6976
	6960 6964 6968
6960 6964 6968
	6960 6962 6964
6960 6962 6964
	6962 6963 6964
6962 6963 6964
	6962 6962 6963
1 1073741824 2147483647
	1 536870912 1073741824
1 536870912 1073741824
	1 268435456 536870912
1 268435456 536870912
	1 134217728 268435456
1 134217728 268435456
	1 67108864 134217728
1 67108864 134217728
	1 33554432 67108864
1 33554432 67108864
	1 16777216 33554432
1 16777216 33554432
	1 8388608 16777216
1 8388608 16777216
	1 4194304 8388608
1 4194304 8388608
	1 2097152 4194304
1 2097152 4194304
	1 1048576 2097152
1 1048576 2097152
	1 524288 1048576
1 524288 1048576
	1 262144 524288
1 262144 524288
	1 131072 262144
1 131072 262144
	1 65536 131072
1 65536 131072
	1 32768 65536
1 32768 65536
	1 16384 32768
1 16384 32768
	1 8192 16384
1 8192 16384
	1 4096 8192
1 4096 8192
	4096 6144 8192
4096 6144 8192
	4096 5120 6144
4096 5120 6144
	5120 5632 6144
5120 5632 6144
	5632 5888 6144
5632 5888 6144
	5632 5760 5888
5632 5760 5888
	5760 5824 5888
5760 5824 5888
	5824 5856 5888
5824 5856 5888
	5856 5872 5888
5856 5872 5888
	5856 5864 5872
5856 5864 5872
	5856 5860 5864
5856 5860 5864
	5856 5858 5860
5856 5858 5860
	5856 5857 5858
5856 5857 5858
	5856 5856 5857
1 1073741824 2147483647
	1 536870912 1073741824
1 536870912 1073741824
	1 268435456 536870912
1 268435456 536870912
	1 134217728 268435456
1 134217728 268435456
	1 67108864 134217728
1 67108864 134217728
	1 33554432 67108864
1 33554432 67108864
	1 16777216 33554432
1 16777216 33554432
	1 8388608 16777216
1 8388608 16777216
	1 4194304 8388608
1 4194304 8388608
	1 2097152 4194304
1 2097152 4194304
	1 1048576 2097152
1 1048576 2097152
	1 524288 1048576
1 524288 1048576
	1 262144 524288
1 262144 524288
	1 131072 262144
1 131072 262144
	1 65536 131072
1 65536 131072
	1 32768 65536
1 32768 65536
	1 16384 32768
1 16384 32768
	16384 24576 32768
16384 24576 32768
	24576 28672 32768
24576 28672 32768
	24576 26624 28672
24576 26624 28672
	26624 27648 28672
26624 27648 28672
	26624 27136 27648
26624 27136 27648
	26624 26880 27136
26624 26880 27136
	26880 27008 27136
26880 27008 27136
	27008 27072 27136
27008 27072 27136
	27072 27104 27136
27072 27104 27136
	27072 27088 27104
27072 27088 27104
	27088 27096 27104
27088 27096 27104
	27088 27092 27096
27088 27092 27096
	27088 27090 27092
27088 27090 27092
	27090 27091 27092
27090 27091 27092
	27091 27091 27092
1 1073741824 2147483647
	1 536870912 1073741824
1 536870912 1073741824
	1 268435456 536870912
1 268435456 536870912
	1 134217728 268435456
1 134217728 268435456
	1 67108864 134217728
1 67108864 134217728
	1 33554432 67108864
1 33554432 67108864
	1 16777216 33554432
1 16777216 33554432
	1 8388608 16777216
1 8388608 16777216
	1 4194304 8388608
1 4194304 8388608
	1 2097152 4194304
1 2097152 4194304
	1 1048576 2097152
1 1048576 2097152
	1 524288 1048576
1 524288 1048576
	1 262144 524288
1 262144 524288
	1 131072 262144
1 131072 262144
	1 65536 131072
1 65536 131072
	1 32768 65536
1 32768 65536
	1 16384 32768
1 16384 32768
	1 8192 16384
1 8192 16384
	8192 12288 16384
8192 12288 16384
	8192 10240 12288
8192 10240 12288
	10240 11264 12288
10240 11264 12288
	11264 11776 12288
11264 11776 12288
	11264 11520 11776
11264 11520 11776
	11264 11392 11520
11264 11392 11520
	11392 11456 11520
11392 11456 11520
	11392 11424 11456
11392 11424 11456
	11392 11408 11424
11392 11408 11424
	11392 11400 11408
11392 11400 11408
	11400 11404 11408
11400 11404 11408
	11404 11406 11408
11404 11406 11408
	11404 11405 11406
11404 11405 11406
	11404 11404 11405
1 1073741824 2147483647
	1 536870912 1073741824
1 536870912 1073741824
	1 268435456 536870912
1 268435456 536870912
	1 134217728 268435456
1 134217728 268435456
	1 67108864 134217728
1 67108864 134217728
	1 33554432 67108864
1 33554432 67108864
	1 16777216 33554432
1 16777216 33554432
	1 8388608 16777216
1 8388608 16777216
	1 4194304 8388608
1 4194304 8388608
	1 2097152 4194304
1 2097152 4194304
	1 1048576 2097152
1 1048576 2097152
	1 524288 1048576
1 524288 1048576
	1 262144 524288
1 262144 524288
	1 131072 262144
1 131072 262144
	1 65536 131072
1 65536 131072
	1 32768 65536
1 32768 65536
	1 16384 32768
1 16384 32768
	1 8192 16384
1 8192 16384
	1 4096 8192
1 4096 8192
	4096 6144 8192
4096 6144 8192
	6144 7168 8192
6144 7168 8192
	6144 6656 7168
6144 6656 7168
	6656 6912 7168
6656 6912 7168
	6912 7040 7168
6912 7040 7168
	6912 6976 7040
6912 6976 7040
	6912 6944 6976
6912 6944 6976
	6912 6928 6944
6912 6928 6944
	6928 6936 6944
6928 6936 6944
	6936 6940 6944
6936 6940 6944
	6936 6938 6940
6936 6938 6940
	6936 6937 6938
6936 6937 6938
	6936 6936 6937
1 1073741824 2147483647
	1 536870912 1073741824
1 536870912 1073741824
	1 268435456 536870912
1 268435456 536870912
	1 134217728 268435456
1 134217728 268435456
	1 67108864 134217728
1 67108864 134217728
	1 33554432 67108864
1 33554432 67108864
	1 16777216 33554432
1 16777216 33554432
	1 8388608 16777216
1 8388608 16777216
	1 4194304 8388608
1 4194304 8388608
	1 2097152 4194304
1 2097152 4194304
	1 1048576 2097152
1 1048576 2097152
	1 524288 1048576
1 524288 1048576
	1 262144 524288
1 262144 524288
	1 131072 262144
1 131072 262144
	1 65536 131072
1 65536 131072
	1 32768 65536
1 32768 65536
	1 16384 32768
1 16384 32768
	1 8192 16384
1 8192 16384
	8192 12288 16384
8192 12288 16384
	12288 14336 16384
12288 14336 16384
	12288 13312 14336
12288 13312 14336
	12288 12800 13312
12288 12800 13312
	12800 13056 13312
12800 13056 13312
	13056 13184 13312
13056 13184 13312
	13184 13248 13312
13184 13248 13312
	13184 13216 13248
13184 13216 13248
	13184 13200 13216
13184 13200 13216
	13200 13208 13216
13200 13208 13216
	13200 13204 13208
13200 13204 13208
	13200 13202 13204
13200 13202 13204
	13200 13201 13202
13200 13201 13202
	13200 13200 13201
